cellLine	type	ABDHD5	ACVR1B	ALOX5AP	C3AR1	CD4	CKB	CPZ	CTNNBL1	CXCL16	DHX35	DSN1	GNG11	HERC5	IGFBP7	IGSF9	INPP5D	LDLR	LINC01816	MILR1	MYO5A	NEXN	NOL4L	PLCB1	PLCG2	PODN	RNF24	RPRD1B	SELPLG	SERPINF1	SLC15A3	STOM	TACC1	TARBP2	TMEM140	TNFSF13B	TPP1	TRPM2	TSPAN31	TTI1	UQCC1	WDPCP	ZNF738
HOSE	ovarian	2.97	2.78	6.57	8.98	9.42	4.18	7.01	1.64	16.00	3.17	1.38	-0.11	5.78	-0.70	6.68	10.38	3.84	8.47	5.73	2.50	1.71	1.26	3.92	8.15	12.52	2.09	0.84	10.55	7.59	8.72	2.27	-0.69	5.57	7.97	7.00	1.56	18.93	1.89	2.39	1.54	4.52	3.30
FTI194	ovarian	0.52	2.64	5.07	7.83	11.07	-0.96	7.95	1.29	16.00	2.96	1.05	-0.88	3.60	-0.97	8.66	4.76	-0.32	8.23	0.94	1.92	0.95	0.88	7.69	3.25	8.12	1.84	-0.03	7.45	4.87	3.68	0.74	-0.89	5.51	3.50	5.63	0.56	17.62	0.88	1.95	0.63	4.25	3.67
COV318	ovarian_cancer_commercial	2.04	3.02	16.73	8.06	6.78	-0.17	5.92	0.17	15.85	1.25	0.83	-1.51	2.85	-0.38	5.05	13.31	-0.60	3.70	7.43	3.93	2.06	-0.08	0.52	0.55	16.66	4.48	-0.72	9.94	11.51	0.87	0.77	0.80	5.21	9.48	8.81	1.23	14.23	0.85	1.19	-0.26	3.28	1.64
HEY	ovarian_cancer_commercial	1.19	3.04	5.54	7.21	10.60	2.71	7.71	1.27	16.00	1.54	1.92	-0.79	6.30	1.03	9.94	7.66	-0.16	8.57	4.22	2.49	1.28	0.80	8.87	3.29	17.00	3.87	0.02	9.85	5.47	3.55	0.11	0.46	6.17	8.01	8.21	2.51	18.00	1.96	2.15	0.59	5.17	3.58
OV90	ovarian_cancer_commercial	2.16	2.03	4.11	10.64	14.51	-1.05	14.94	1.73	8.89	2.49	3.38	3.03	8.66	2.12	6.92	13.86	-0.11	10.14	5.21	6.73	4.46	1.84	0.56	2.74	7.27	3.04	0.06	9.57	4.44	3.16	-0.71	0.66	5.51	4.48	4.60	1.52	16.18	2.74	3.76	0.95	6.11	3.37
PEO1	ovarian_cancer_commercial	0.52	2.73	5.37	10.15	10.36	5.12	4.53	0.98	10.33	1.95	0.84	3.18	8.42	8.47	4.15	13.76	0.54	6.42	3.59	1.46	3.91	0.18	2.09	2.47	15.14	1.90	-0.30	10.26	11.38	2.85	4.25	0.55	3.58	6.61	7.81	1.69	17.87	0.30	1.75	0.91	3.10	1.93
OVCAR3	ovarian_cancer_commercial	0.52	2.56	11.19	12.88	6.38	-1.19	4.99	1.29	13.20	2.16	2.48	5.39	6.91	2.47	3.69	16.31	0.85	11.80	4.50	2.36	6.91	1.69	6.40	4.68	12.69	4.07	0.38	8.82	11.18	4.82	1.64	1.72	6.36	9.96	14.73	2.86	17.03	2.71	2.35	1.07	4.29	4.24
OVGEM2 	ovarian_cancer_primary	0.53	2.65	4.45	4.50	6.62	3.48	5.41	1.39	12.78	3.08	4.12	0.48	6.43	-0.70	6.46	8.00	1.07	7.71	3.80	1.14	0.22	1.44	4.05	3.05	4.65	1.71	1.18	3.65	4.16	3.31	0.41	0.47	6.58	4.47	6.26	0.35	15.03	1.55	3.36	1.38	3.99	5.04
OVGEM6 	ovarian_cancer_primary	0.58	2.22	5.46	8.87	7.09	2.02	0.53	1.51	15.70	3.18	4.20	0.58	8.59	-0.59	7.25	5.01	1.27	8.54	4.49	1.69	0.13	1.62	3.29	7.69	3.55	0.76	1.28	3.18	3.22	8.04	1.37	1.32	7.32	2.56	6.74	0.70	14.43	1.46	3.42	1.69	3.43	4.77
OVGEM8 	ovarian_cancer_primary	1.52	2.02	1.73	3.50	1.07	1.53	3.59	1.11	9.39	2.81	2.13	0.84	4.20	-0.08	2.41	2.04	2.04	7.49	2.90	2.55	2.20	1.46	2.63	2.24	2.96	2.73	0.21	2.01	-0.32	2.46	0.84	0.34	6.47	3.16	2.70	1.71	5.25	2.30	2.36	1.55	3.45	2.70
OVGEM9 	ovarian_cancer_primary	0.67	2.24	4.41	5.50	7.85	4.44	5.13	1.42	11.77	3.11	3.48	1.50	4.58	-0.12	3.28	6.13	0.30	6.84	3.26	1.69	0.80	1.90	0.33	4.78	4.78	1.68	1.10	2.93	7.72	5.07	0.40	0.76	6.77	3.02	5.17	0.34	13.57	1.60	3.09	1.22	2.84	4.71
OVGEM11 	ovarian_cancer_primary	0.79	1.88	5.82	4.69	4.86	1.78	6.30	1.58	14.02	3.62	3.71	-0.26	8.10	-0.71	5.52	10.50	1.83	8.89	2.47	1.08	0.82	1.51	1.06	6.63	4.06	0.56	1.15	4.01	5.08	6.89	0.52	0.64	7.29	5.30	6.46	0.74	13.86	1.21	3.67	1.72	4.01	5.10
OVGEM16 	ovarian_cancer_primary	0.48	2.40	2.38	3.92	2.44	1.84	4.38	1.04	9.02	2.95	2.45	0.17	5.02	-0.37	7.13	5.35	1.17	7.71	3.16	1.12	0.72	0.92	4.21	3.25	4.86	1.79	0.90	2.85	1.41	3.46	0.03	0.31	5.79	3.72	5.91	0.52	4.97	1.48	2.72	1.88	4.22	3.30
OVGEM20 	ovarian_cancer_primary	0.75	2.57	3.98	6.64	6.54	2.16	3.06	2.25	13.84	3.94	4.31	0.46	7.13	-0.54	7.62	7.15	1.40	8.10	4.04	2.44	0.66	1.28	1.20	6.41	4.84	1.36	1.50	5.45	2.86	6.68	0.13	1.18	7.14	4.25	5.90	1.07	10.87	1.38	3.82	2.15	4.05	4.92
